00400100801246001
00446019010019010
05101246015460012927
200032548529449
20003968039228504968589785828760
2007125981007019006
2007128022286539437220363
2049523224
209172946920082
2105625453284963601001205001266010001018
2124297398
217822997042
21872209502876897814
219819267720746
221192859796186330124600001546001018
2215128901976269437220363
225362849092215
23807200399439726114
250282540593226
250699721197211
253432597128037
25343926869225428452
254189269293308972792952294325
25516429623629445
2565221079660120013646001018
256522891420792
25652942613526
25652966642876201946012051006001
256532960396175254359628093146
25778259742899525488
26964236079630972001007019000001050
2845797102
284622944525971
286959335325402
286959666421767299412077896664
2869728697963502336923369
28760972529482492007460010184401946001018017012010
287619440822520
28914289149437220363214152946920082
289322891421901
289392891421366
2893971142
289822892333012001018
2899128991938689612192526
289952211994160
294459414929923256529619429975
294962952966383572
294962999193713
2955529961257929437220363
2958928934017051050006
295899322526310
29617932969616342294459414929923
296522086194790
2965228033259714293055214822876028073
296522861820075
296522868897577344600144019006001
296522891424170
296529486166383572
296529610192677
296919484393195
29977962379268694010
4301201301301846007010002
6601200100801241019000006
7205546013010464273006
74010310100010186701201442947552849621366
9256025021002002010
925819637125433972859785828582
926659416629513
9293493314978152545321366
93195976782036396181978582876020986938352876029923
938952965094141
943372951396309941469258197307
9434620368948349625994149938079757128490
94364973139619429598
944102076821366396532
944109269529510
9472820837663992007000927301046007019
9472825797
9472838019380199388394840973162258697287000015015010009
9484120419217679268620418
948419417796539
94841963129268620418
94841963269475946001011284969388320918
9613693162256532899525488
961382891496806
961949780461010012011464241019006
9637721981
963772543493785
96377299619319566383572
963852545396186
965322540696807
9656225778925423738
967149728196850
96856922226638
971032859720065
971532844129445
97571284372134522520
97643948282509420417
976789767820054
978852042293238