82095	1
152172	2
221996	3
292879	4
367383	5
453863	6
535219	7
617227	8
701844	9
791082	10
880057	11
970776	12
1061537	13
1152639	14
1244584	15
1337882	16
1430793	17
1525154	18
1621330	19
1724529	20
1826854	21
1928528	22
2028444	23
2128491	24
2229445	25
2330208	26
2431154	27
2532011	28
2634837	29
2740839	30
2843396	31
2944690	32
3044754	33
3143541	34
3242025	35
3339769	36
3437108	37
3533813	38
3630476	39
3730468	40
3829386	41
3927707	42
4029242	43
4126192	44
4222940	45
4320621	46
4418269	47
4527566	48
4632637	49
4735534	50
4834573	51
4932216	52
5027819	53
5122113	54
5215428	55
5307814	56
5398789	57
5489327	58
5578999	59
5670318	60
5759242	61
5847222	62
5934027	63
6019342	64
6104493	65
6189586	66
6272770	67
6355692	68
6437699	69
6519820	70
6599401	71
6678066	72
6755134	73
6830923	74
6906530	75
6981761	76
7056429	77
7130383	78
7203370	79
7276897	80
7348167	81
7419302	82
7489212	83
7558155	84
7627405	85
7696645	86
7764895	87
7834442	88
7903222	89
7971304	90
8037331	91
8102530	92
8167632	93
8231474	94
8295602	95
8360108	96
8424285	97
8489588	98
8555352	99
8623401	100
8686316	101
8747885	102
8808225	103
8867142	104
8925295	105
8982596	106
9039035	107
9095709	108
9150991	109
9205740	110
9259290	111
9312711	112
9364592	113
9415790	114
9466212	115
9516001	116
9565865	117
9614746	118
9662813	119
9710850	120
9757845	121
9804066	122
9849567	123
9894029	124
9938594	125
9982628	126
10025887	127
10069032	128
10111394	129
10153577	130
10194516	131
10235315	132
10275222	133
10314715	134
10354105	135
10393118	136
10431408	137
10469491	138
10507118	139
10544165	140
10580223	141
10616060	142
10651908	143
10686323	144
10720916	145
10754925	146
10788900	147
10822342	148
10855330	149
10888282	150
10920612	151
10952566	152
10983873	153
11014799	154
11045416	155
11075820	156
11106004	157
11136010	158
11165480	159
11194973	160
11223575	161
11251777	162
11279646	163
11307552	164
11335116	165
11362525	166
11389365	167
11416358	168
11443246	169
11469663	170
11495228	171
11520802	172
11546140	173
11570992	174
11595900	175
11620405	176
11645007	177
11668889	178
11692820	179
11716564	180
11739452	181
11762420	182
11785162	183
11807361	184
11829603	185
11851574	186
11873564	187
11895324	188
11916912	189
11938236	190
11959093	191
11979895	192
12000294	193
12020735	194
12041103	195
12061427	196
12081707	197
12102014	198
12122303	199
12142350	200
12161584	201
12179919	202
12198099	203
12215688	204
12233461	205
12251190	206
12268444	207
12285384	208
12302078	209
12318762	210
12334968	211
12351309	212
12366976	213
12382846	214
12398521	215
12413997	216
12429302	217
12444387	218
12459409	219
12474534	220
12489314	221
12503954	222
12518609	223
12533074	224
12547469	225
12561465	226
12575461	227
12589217	228
12602848	229
12616352	230
12629780	231
12643033	232
12656051	233
12669094	234
12681948	235
12694892	236
12707631	237
12720126	238
12732598	239
12744893	240
12756306	241
12767826	242
12779331	243
12790741	244
12801867	245
12812906	246
12823851	247
12834745	248
12845615	249
12856203	250
12866666	251
12876976	252
12887001	253
12896911	254
12906829	255
12916819	256
12926639	257
12936515	258
12946159	259
12955745	260
12965274	261
12974701	262
12984189	263
12993344	264
13002625	265
13011651	266
13020580	267
13029559	268
13038545	269
13047434	270
13056112	271
13064761	272
13073280	273
13081682	274
13090089	275
13098501	276
13106846	277
13115200	278
13123395	279
13131625	280
13139619	281
13147745	282
13155713	283
13163637	284
13171545	285
13179238	286
13187016	287
13194868	288
13202687	289
13210249	290
13217706	291
13225239	292
13232610	293
13239976	294
13247478	295
13254857	296
13262199	297
13269606	298
13276996	299
13284436	300
13291432	301
13298165	302
13304738	303
13311207	304
13317694	305
13324121	306
13330417	307
13336605	308
13342880	309
13349002	310
13355029	311
13361065	312
13367069	313
13373103	314
13378994	315
13384883	316
13390690	317
13396408	318
13401995	319
13407568	320
13413019	321
13418593	322
13423978	323
13429401	324
13434760	325
13440148	326
13445513	327
13450690	328
13455896	329
13461137	330
13466286	331
13471437	332
13476646	333
13481641	334
13486526	335
13491528	336
13496329	337
13501138	338
13505969	339
13510779	340
13515490	341
13520105	342
13524735	343
13529328	344
13533841	345
13538448	346
13543016	347
13547454	348
13551906	349
13556361	350
13560650	351
13565116	352
13569384	353
13573687	354
13577971	355
13582283	356
13586431	357
13590544	358
13594536	359
13598546	360
13602667	361
13606776	362
13610811	363
13614824	364
13618669	365
13622514	366
13626386	367
13630276	368
13634019	369
13637839	370
13641610	371
13645349	372
13649008	373
13652768	374
13656391	375
13659970	376
13663472	377
13667176	378
13670804	379
13674342	380
13677855	381
13681311	382
13684882	383
13688335	384
13691783	385
13695242	386
13698680	387
13702146	388
13705552	389
13708975	390
13712266	391
13715681	392
13718986	393
13722372	394
13725735	395
13729114	396
13732459	397
13735826	398
13739223	399
13742525	400
13745570	401
13748621	402
13751632	403
13754639	404
13757617	405
13760585	406
13763594	407
13766516	408
13769441	409
13772387	410
13775373	411
13778378	412
13781322	413
13784336	414
13787312	415
13790336	416
13793051	417
13795770	418
13798398	419
13801064	420
13803635	421
13806201	422
13808691	423
13811344	424
13813901	425
13816377	426
13818932	427
13821416	428
13823974	429
13826551	430
13829040	431
13831588	432
13834017	433
13836443	434
13838950	435
13841369	436
13843716	437
13846076	438
13848456	439
13850725	440
13853076	441
13855348	442
13857679	443
13859808	444
13862011	445
13864322	446
13866474	447
13868602	448
13870766	449
13872968	450
13875194	451
13877428	452
13879640	453
13881756	454
13883856	455
13885916	456
13887980	457
13890088	458
13892125	459
13894217	460
13896227	461
13898228	462
13900259	463
13902320	464
13904287	465
13906211	466
13908205	467
13910181	468
13912174	469
13914060	470
13916033	471
13917976	472
13919929	473
13921897	474
13923779	475
13925694	476
13927553	477
13929393	478
13931221	479
13933095	480
13934933	481
13936804	482
13938673	483
13940428	484
13942264	485
13944114	486
13945911	487
13947725	488
13949551	489
13951411	490
13953178	491
13954968	492
13956745	493
13958504	494
13960246	495
13962058	496
13963845	497
13965711	498
13967503	499
13969430	500
13971143	501
13972795	502
13974528	503
13976174	504
13977841	505
13979545	506
13981185	507
13982852	508
13984550	509
13986184	510
13987878	511
13989584	512
13991167	513
13992828	514
13994458	515
13996155	516
13997781	517
13999494	518
14001089	519
14002920	520
14004561	521
14006174	522
14007812	523
14009406	524
14010933	525
14012484	526
14014100	527
14015697	528
14017280	529
14018849	530
14020352	531
14021833	532
14023362	533
14024871	534
14026409	535
14027887	536
14029339	537
14030790	538
14032273	539
14033701	540
14035137	541
14036567	542
14037993	543
14039398	544
14040944	545
14042327	546
14043751	547
14045152	548
14046501	549
14047878	550
14049259	551
14050636	552
14051995	553
14053482	554
14054957	555
14056359	556
14057699	557
14059084	558
14060427	559
14061772	560
14063073	561
14064356	562
14065665	563
14066953	564
14068236	565
14069439	566
14070658	567
14071899	568
14073097	569
14074288	570
14075496	571
14076687	572
14077841	573
14079008	574
14080134	575
14081277	576
14082448	577
14083553	578
14084684	579
14085796	580
14086997	581
14088146	582
14089332	583
14090480	584
14091542	585
14092679	586
14093812	587
14094944	588
14096056	589
14097259	590
14098415	591
14099550	592
14100739	593
14101891	594
14103043	595
14104158	596
14105346	597
14106542	598
14107664	599
14108870	600
14110031	601
14111169	602
14112280	603
14113327	604
14114393	605
14115467	606
14116447	607
14117543	608
14118600	609
14119667	610
14120705	611
14121769	612
14122711	613
14123725	614
14124720	615
14125708	616
14126712	617
14127669	618
14128631	619
14129658	620
14130677	621
14131687	622
14132662	623
14133627	624
14134544	625
14135558	626
14136518	627
14137519	628
14138455	629
14139452	630
14140408	631
14141342	632
14142341	633
14143280	634
14144157	635
14145098	636
14146028	637
14146951	638
14147852	639
14148757	640
14149713	641
14150637	642
14151520	643
14152382	644
14153241	645
14154130	646
14155053	647
14155980	648
14156853	649
14157720	650
14158616	651
14159503	652
14160296	653
14161185	654
14162057	655
14162889	656
14163715	657
14164553	658
14165443	659
14166293	660
14167220	661
14168069	662
14168883	663
14169739	664
14170608	665
14171563	666
14172444	667
14173260	668
14174110	669
14174982	670
14175869	671
14176798	672
14177644	673
14178463	674
14179341	675
14180199	676
14181009	677
14181825	678
14182650	679
14183476	680
14184369	681
14185211	682
14186013	683
14186829	684
14187685	685
14188476	686
14189292	687
14190147	688
14190965	689
14191850	690
14192683	691
14193506	692
14194349	693
14195168	694
14195923	695
14196781	696
14197644	697
14198442	698
14199210	699
14200012	700
14200762	701
14201493	702
14202233	703
14202968	704
14203689	705
14204422	706
14205154	707
14205925	708
14206662	709
14207368	710
14208084	711
14208802	712
14209479	713
14210196	714
14210820	715
14211507	716
14212182	717
14212789	718
14213458	719
14214089	720
14214797	721
14215478	722
14216100	723
14216717	724
14217344	725
14217980	726
14218631	727
14219265	728
14219921	729
14220545	730
14221159	731
14221733	732
14222391	733
14222994	734
14223584	735
14224214	736
14224824	737
14225448	738
14226028	739
14226663	740
14227268	741
14227897	742
14228501	743
14229107	744
14229693	745
14230300	746
14230877	747
14231443	748
14232050	749
14232595	750
14233176	751
14233741	752
14234331	753
14234882	754
14235454	755
14236028	756
14236616	757
14237159	758
14237716	759
14238319	760
14238906	761
14239470	762
14240042	763
14240613	764
14241169	765
14241768	766
14242305	767
14242839	768
14243372	769
14243957	770
14244509	771
14245042	772
14245552	773
14246096	774
14246652	775
14247193	776
14247764	777
14248313	778
14248836	779
14249405	780
14249956	781
14250496	782
14251029	783
14251542	784
14252055	785
14252579	786
14253098	787
14253611	788
14254150	789
14254672	790
14255190	791
14255709	792
14256228	793
14256723	794
14257238	795
14257760	796
14258295	797
14258836	798
14259330	799
14259883	800
14260417	801
14260945	802
14261409	803
14261908	804
14262407	805
14262896	806
14263405	807
14263927	808
14264429	809
14264937	810
14265421	811
14265894	812
14266363	813
14266832	814
14267335	815
14267776	816
14268287	817
14268770	818
14269295	819
14269758	820
14270241	821
14270720	822
14271181	823
14271643	824
14272067	825
14272520	826
14272986	827
14273415	828
14273868	829
14274373	830
14274839	831
14275289	832
14275800	833
14276253	834
14276694	835
14277183	836
14277626	837
14278078	838
14278500	839
14278962	840
14279434	841
14279880	842
14280295	843
14280771	844
14281193	845
14281626	846
14282094	847
14282533	848
14282960	849
14283421	850
14283867	851
14284309	852
14284740	853
14285187	854
14285588	855
14285992	856
14286402	857
14286865	858
14287323	859
14287711	860
14288180	861
14288623	862
14289055	863
14289485	864
14289911	865
14290319	866
14290717	867
14291147	868
14291607	869
14292016	870
14292465	871
14292884	872
14293324	873
14293726	874
14294157	875
14294578	876
14294969	877
14295377	878
14295769	879
14296234	880
14296663	881
14297092	882
14297531	883
14297931	884
14298365	885
14298784	886
14299213	887
14299737	888
14300162	889
14300583	890
14300977	891
14301384	892
14301781	893
14302171	894
14302599	895
14303020	896
14303385	897
14303816	898
14304236	899
14304621	900
14305040	901
14305418	902
14305764	903
14306149	904
14306538	905
14306935	906
14307331	907
14307690	908
14308075	909
14308468	910
14308825	911
14309214	912
14309619	913
14310019	914
14310394	915
14310774	916
14311166	917
14311539	918
14311888	919
14312272	920
14312644	921
14313016	922
14313382	923
14313760	924
14314129	925
14314478	926
14314873	927
14315245	928
14315595	929
14315977	930
14316346	931
14316687	932
14317056	933
14317412	934
14317764	935
14318135	936
14318491	937
14318827	938
14319181	939
14319525	940
14319927	941
14320307	942
14320668	943
14321061	944
14321400	945
14321782	946
14322172	947
14322575	948
14322970	949
14323330	950
14323710	951
14324103	952
14324442	953
14324840	954
14325248	955
14325645	956
14326052	957
14326461	958
14326862	959
14327294	960
14327686	961
14328108	962
14328489	963
14328905	964
14329323	965
14329781	966
14330243	967
14330725	968
14331207	969
14331674	970
14332116	971
14332561	972
14333003	973
14333460	974
14333933	975
14334402	976
14334897	977
14335352	978
14335831	979
14336298	980
14336768	981
14337198	982
14337654	983
14338076	984
14338502	985
14338909	986
14339335	987
14339788	988
14340175	989
14340579	990
14341041	991
14341474	992
14341900	993
14342346	994
14342752	995
14343154	996
14343503	997
14343923	998
14344344	999
14344787	1000
14345168	1001
14345503	1002
14345857	1003
14346182	1004
14346482	1005
14346781	1006
14347069	1007
14347411	1008
14347713	1009
14348044	1010
14348365	1011
14348697	1012
14349018	1013
14349298	1014
14349636	1015
14349973	1016
14350302	1017
14350617	1018
14350903	1019
14351210	1020
14351518	1021
14351802	1022
14352093	1023
14352363	1024
14352649	1025
14352939	1026
14353240	1027
14353535	1028
14353834	1029
14354141	1030
14354454	1031
14354752	1032
14355037	1033
14355345	1034
14355628	1035
14355916	1036
14356226	1037
14356507	1038
14356800	1039
14357079	1040
14357396	1041
14357661	1042
14357962	1043
14358225	1044
14358500	1045
14358828	1046
14359105	1047
14359376	1048
14359625	1049
14359915	1050
14360186	1051
14360457	1052
14360729	1053
14361001	1054
14361251	1055
14361519	1056
14361799	1057
14362096	1058
14362370	1059
14362670	1060
14362916	1061
14363190	1062
14363464	1063
14363725	1064
14363991	1065
14364296	1066
14364541	1067
14364827	1068
14365106	1069
14365373	1070
14365638	1071
14365855	1072
14366104	1073
14366374	1074
14366619	1075
14366897	1076
14367123	1077
14367394	1078
14367694	1079
14367951	1080
14368195	1081
14368460	1082
14368709	1083
14368968	1084
14369205	1085
14369455	1086
14369721	1087
14370016	1088
14370282	1089
14370538	1090
14370796	1091
14371027	1092
14371314	1093
14371567	1094
14371831	1095
14372084	1096
14372329	1097
14372567	1098
14372800	1099
14373043	1100
14373284	1101
14373535	1102
14373781	1103
14374033	1104
14374306	1105
14374536	1106
14374784	1107
14375026	1108
14375290	1109
14375504	1110
14375777	1111
14376025	1112
14376246	1113
14376481	1114
14376727	1115
14376972	1116
14377201	1117
14377438	1118
14377682	1119
14377946	1120
14378171	1121
14378415	1122
14378633	1123
14378867	1124
14379082	1125
14379330	1126
14379564	1127
14379817	1128
14380036	1129
14380268	1130
14380515	1131
14380756	1132
14380969	1133
14381206	1134
14381409	1135
14381638	1136
14381880	1137
14382131	1138
14382387	1139
14382595	1140
14382813	1141
14383038	1142
14383251	1143
14383474	1144
14383682	1145
14383917	1146
14384128	1147
14384348	1148
14384562	1149
14384808	1150
14385020	1151
14385241	1152
14385471	1153
14385704	1154
14385930	1155
14386162	1156
14386381	1157
14386577	1158
14386801	1159
14387040	1160
14387262	1161
14387482	1162
14387716	1163
14387988	1164
14388228	1165
14388462	1166
14388684	1167
14388916	1168
14389121	1169
14389344	1170
14389558	1171
14389788	1172
14389998	1173
14390229	1174
14390426	1175
14390660	1176
14390881	1177
14391085	1178
14391329	1179
14391569	1180
14391759	1181
14391958	1182
14392170	1183
14392397	1184
14392610	1185
14392859	1186
14393080	1187
14393294	1188
14393508	1189
14393730	1190
14393941	1191
14394133	1192
14394361	1193
14394591	1194
14394780	1195
14395005	1196
14395248	1197
14395482	1198
14395727	1199
14395963	1200
14396192	1201
14396437	1202
14396625	1203
14396835	1204
14397053	1205
14397255	1206
14397439	1207
14397649	1208
14397880	1209
14398091	1210
14398304	1211
14398500	1212
14398694	1213
14398914	1214
14399147	1215
14399356	1216
14399542	1217
14399722	1218
14399937	1219
14400131	1220
14400324	1221
14400543	1222
14400760	1223
14400962	1224
14401163	1225
14401368	1226
14401565	1227
14401789	1228
14402002	1229
14402227	1230
14402424	1231
14402634	1232
14402838	1233
14403050	1234
14403239	1235
14403425	1236
14403649	1237
14403849	1238
14404082	1239
14404287	1240
14404495	1241
14404684	1242
14404862	1243
14405056	1244
14405246	1245
14405451	1246
14405631	1247
14405822	1248
14406027	1249
14406197	1250
14406384	1251
14406574	1252
14406784	1253
14406987	1254
14407185	1255
14407387	1256
14407595	1257
14407795	1258
14407998	1259
14408170	1260
14408372	1261
14408566	1262
14408779	1263
14408969	1264
14409164	1265
14409357	1266
14409557	1267
14409767	1268
14409958	1269
14410146	1270
14410340	1271
14410528	1272
14410712	1273
14410885	1274
14411073	1275
14411270	1276
14411444	1277
14411606	1278
14411786	1279
14411953	1280
14412151	1281
14412343	1282
14412532	1283
14412730	1284
14412895	1285
14413080	1286
14413270	1287
14413485	1288
14413654	1289
14413831	1290
14414017	1291
14414199	1292
14414367	1293
14414527	1294
14414708	1295
14414876	1296
14415041	1297
14415252	1298
14415432	1299
14415611	1300
14415794	1301
14415974	1302
14416148	1303
14416355	1304
14416526	1305
14416717	1306
14416903	1307
14417080	1308
14417281	1309
14417469	1310
14417646	1311
14417805	1312
14417981	1313
14418187	1314
14418338	1315
14418520	1316
14418701	1317
14418881	1318
14419054	1319
14419237	1320
14419419	1321
14419586	1322
14419733	1323
14419912	1324
14420085	1325
14420272	1326
14420447	1327
14420610	1328
14420788	1329
14420954	1330
14421127	1331
14421286	1332
14421455	1333
14421636	1334
14421798	1335
14421961	1336
14422131	1337
14422289	1338
14422472	1339
14422654	1340
14422852	1341
14423027	1342
14423202	1343
14423374	1344
14423555	1345
14423742	1346
14423920	1347
14424116	1348
14424287	1349
14424470	1350
14424636	1351
14424823	1352
14424997	1353
14425160	1354
14425340	1355
14425509	1356
14425703	1357
14425863	1358
14426040	1359
14426210	1360
14426380	1361
14426568	1362
14426745	1363
14426939	1364
14427100	1365
14427277	1366
14427460	1367
14427614	1368
14427783	1369
14427936	1370
14428123	1371
14428307	1372
14428488	1373
14428678	1374
14428857	1375
14429048	1376
14429231	1377
14429399	1378
14429588	1379
14429785	1380
14429982	1381
14430160	1382
14430351	1383
14430508	1384
14430726	1385
14430922	1386
14431089	1387
14431288	1388
14431486	1389
14431664	1390
14431826	1391
14431995	1392
14432161	1393
14432347	1394
14432518	1395
14432690	1396
14432876	1397
14433056	1398
14433236	1399
14433403	1400
14433582	1401
14433764	1402
14433948	1403
14434126	1404
14434295	1405
14434455	1406
14434625	1407
14434793	1408
14434943	1409
14435101	1410
14435255	1411
14435419	1412
14435597	1413
14435760	1414
14435929	1415
14436094	1416
14436276	1417
14436425	1418
14436607	1419
14436785	1420
14436955	1421
14437137	1422
14437287	1423
14437454	1424
14437616	1425
14437772	1426
14437961	1427
14438137	1428
14438311	1429
14438505	1430
14438673	1431
14438841	1432
14438983	1433
14439156	1434
14439334	1435
14439512	1436
14439669	1437
14439804	1438
14439944	1439
14440108	1440
14440279	1441
14440450	1442
14440595	1443
14440776	1444
14440944	1445
14441066	1446
14441226	1447
14441387	1448
14441553	1449
14441726	1450
14441881	1451
14442019	1452
14442177	1453
14442331	1454
14442497	1455
14442679	1456
14442840	1457
14443015	1458
14443194	1459
14443362	1460
14443526	1461
14443671	1462
14443832	1463
14444008	1464
14444183	1465
14444374	1466
14444539	1467
14444711	1468
14444875	1469
14445047	1470
14445215	1471
14445387	1472
14445546	1473
14445723	1474
14445874	1475
14446039	1476
14446237	1477
14446405	1478
14446573	1479
14446729	1480
14446896	1481
14447079	1482
14447238	1483
14447417	1484
14447566	1485
14447733	1486
14447907	1487
14448085	1488
14448252	1489
14448430	1490
14448608	1491
14448786	1492
14448969	1493
14449162	1494
14449340	1495
14449554	1496
14449729	1497
14449931	1498
14450110	1499
14450314	1500
14450496	1501
14450680	1502
14450840	1503
14450993	1504
14451182	1505
14451331	1506
14451515	1507
14451671	1508
14451828	1509
14451972	1510
14452125	1511
14452296	1512
14452459	1513
14452621	1514
14452780	1515
14452935	1516
14453110	1517
14453270	1518
14453447	1519
14453599	1520
14453768	1521
14453906	1522
14454062	1523
14454220	1524
14454369	1525
14454493	1526
14454658	1527
14454809	1528
14454977	1529
14455144	1530
14455320	1531
14455478	1532
14455644	1533
14455819	1534
14455980	1535
14456128	1536
14456284	1537
14456422	1538
14456556	1539
14456718	1540
14456878	1541
14457068	1542
14457231	1543
14457400	1544
14457562	1545
14457767	1546
14457931	1547
14458080	1548
14458240	1549
14458385	1550
14458566	1551
14458724	1552
14458871	1553
14459014	1554
14459179	1555
14459302	1556
14459452	1557
14459585	1558
14459731	1559
14459886	1560
14460042	1561
14460211	1562
14460373	1563
14460551	1564
14460709	1565
14460886	1566
14461031	1567
14461186	1568
14461372	1569
14461518	1570
14461664	1571
14461830	1572
14461985	1573
14462148	1574
14462316	1575
14462472	1576
14462637	1577
14462798	1578
14462938	1579
14463094	1580
14463256	1581
14463420	1582
14463575	1583
14463721	1584
14463878	1585
14464035	1586
14464193	1587
14464341	1588
14464499	1589
14464632	1590
14464808	1591
14464971	1592
14465154	1593
14465338	1594
14465492	1595
14465649	1596
14465795	1597
14465968	1598
14466144	1599
14466323	1600
14466449	1601
14466583	1602
14466743	1603
14466896	1604
14467039	1605
14467225	1606
14467398	1607
14467566	1608
14467729	1609
14467879	1610
14468029	1611
14468206	1612
14468357	1613
14468512	1614
14468679	1615
14468846	1616
14469020	1617
14469202	1618
14469344	1619
14469502	1620
14469671	1621
14469832	1622
14469968	1623
14470129	1624
14470277	1625
14470455	1626
14470594	1627
14470747	1628
14470901	1629
14471064	1630
14471227	1631
14471393	1632
14471560	1633
14471734	1634
14471902	1635
14472066	1636
14472224	1637
14472384	1638
14472540	1639
14472692	1640
14472862	1641
14473028	1642
14473175	1643
14473332	1644
14473486	1645
14473660	1646
14473807	1647
14473962	1648
14474133	1649
14474279	1650
14474460	1651
14474603	1652
14474755	1653
14474931	1654
14475093	1655
14475274	1656
14475439	1657
14475592	1658
14475793	1659
14475970	1660
14476142	1661
14476306	1662
14476460	1663
14476632	1664
14476798	1665
14476962	1666
14477117	1667
14477261	1668
14477401	1669
14477551	1670
14477709	1671
14477870	1672
14478014	1673
14478166	1674
14478345	1675
14478487	1676
14478662	1677
14478853	1678
14479033	1679
14479210	1680
14479370	1681
14479537	1682
14479728	1683
14479912	1684
14480079	1685
14480234	1686
14480392	1687
14480571	1688
14480746	1689
14480912	1690
14481104	1691
14481277	1692
14481451	1693
14481636	1694
14481817	1695
14482023	1696
14482221	1697
14482410	1698
14482607	1699
14482794	1700
14482999	1701
14483186	1702
14483381	1703
14483521	1704
14483690	1705
14483856	1706
14484016	1707
14484187	1708
14484366	1709
14484521	1710
14484703	1711
14484876	1712
14485050	1713
14485204	1714
14485374	1715
14485530	1716
14485677	1717
14485850	1718
14485997	1719
14486186	1720
14486349	1721
14486526	1722
14486687	1723
14486878	1724
14487036	1725
14487194	1726
14487368	1727
14487536	1728
14487716	1729
14487869	1730
14488060	1731
14488248	1732
14488404	1733
14488589	1734
14488762	1735
14488943	1736
14489089	1737
14489246	1738
14489413	1739
14489591	1740
14489775	1741
14489958	1742
14490142	1743
14490323	1744
14490517	1745
14490748	1746
14490928	1747
14491118	1748
14491326	1749
14491533	1750
14491736	1751
14491919	1752
14492110	1753
14492330	1754
14492505	1755
14492691	1756
14492872	1757
14493063	1758
14493244	1759
14493457	1760
14493679	1761
14493881	1762
14494091	1763
14494297	1764
14494504	1765
14494707	1766
14494899	1767
14495081	1768
14495275	1769
14495459	1770
14495641	1771
14495825	1772
14495990	1773
14496155	1774
14496351	1775
14496544	1776
14496752	1777
14496946	1778
14497142	1779
14497319	1780
14497516	1781
14497679	1782
14497884	1783
14498088	1784
14498290	1785
14498484	1786
14498683	1787
14498876	1788
14499066	1789
14499287	1790
14499476	1791
14499681	1792
14499879	1793
14500081	1794
14500302	1795
14500513	1796
14500706	1797
14500888	1798
14501099	1799
14501307	1800
14501502	1801
14501677	1802
14501866	1803
14502044	1804
14502234	1805
14502398	1806
14502620	1807
14502805	1808
14502982	1809
14503173	1810
14503360	1811
14503568	1812
14503783	1813
14503973	1814
14504153	1815
14504367	1816
14504569	1817
14504786	1818
14504978	1819
14505183	1820
14505410	1821
14505624	1822
14505816	1823
14506009	1824
14506214	1825
14506434	1826
14506610	1827
14506817	1828
14507025	1829
14507231	1830
14507424	1831
14507643	1832
14507866	1833
14508098	1834
14508327	1835
14508567	1836
14508783	1837
14509018	1838
14509253	1839
14509471	1840
14509705	1841
14509946	1842
14510159	1843
14510406	1844
14510669	1845
14510925	1846
14511176	1847
14511487	1848
14511855	1849
14512411	1850
14512886	1851
14513269	1852
14513622	1853
14513942	1854
14514237	1855
14514531	1856
14514795	1857
14515069	1858
14515354	1859
14515627	1860
14515904	1861
14516204	1862
14516498	1863
14516778	1864
14517030	1865
14517279	1866
14517530	1867
14517804	1868
14518057	1869
14518358	1870
14518629	1871
14518891	1872
14519162	1873
14519427	1874
14519698	1875
14519942	1876
14520181	1877
14520437	1878
14520690	1879
14520971	1880
14521217	1881
14521508	1882
14521759	1883
14522057	1884
14522347	1885
14522618	1886
14522933	1887
14523208	1888
14523510	1889
14523827	1890
14524127	1891
14524413	1892
14524733	1893
14525027	1894
14525317	1895
14525642	1896
14525952	1897
14526241	1898
14526539	1899
14526845	1900
14527099	1901
14527368	1902
14527619	1903
14527902	1904
14528170	1905
14528442	1906
14528739	1907
14529039	1908
14529291	1909
14529572	1910
14529868	1911
14530149	1912
14530415	1913
14530681	1914
14530939	1915
14531235	1916
14531517	1917
14531828	1918
14532090	1919
14532362	1920
14532648	1921
14532934	1922
14533208	1923
14533482	1924
14533796	1925
14534108	1926
14534393	1927
14534717	1928
14535047	1929
14535368	1930
14535698	1931
14536005	1932
14536327	1933
14536697	1934
14537047	1935
14537390	1936
14537768	1937
14538132	1938
14538534	1939
14538937	1940
14539311	1941
14539713	1942
14540156	1943
14540545	1944
14540989	1945
14541395	1946
14541854	1947
14542288	1948
14542734	1949
14543188	1950
14543665	1951
14544117	1952
14544617	1953
14545130	1954
14545631	1955
14546160	1956
14546708	1957
14547302	1958
14547855	1959
14548428	1960
14549001	1961
14549648	1962
14550272	1963
14550950	1964
14551662	1965
14552378	1966
14553129	1967
14553975	1968
14554793	1969
14555699	1970
14556644	1971
14557502	1972
14558348	1973
14559242	1974
14560099	1975
14561001	1976
14561885	1977
14562750	1978
14563537	1979
14564398	1980
14565183	1981
14565946	1982
14566707	1983
14567466	1984
14568221	1985
14569004	1986
14569833	1987
14570681	1988
14571544	1989
14572580	1990
14573492	1991
14574522	1992
14575636	1993
14576797	1994
14578147	1995
14579714	1996
14581505	1997
14583772	1998
14586988	1999
14593623	2000
14593944	2001
14594075	2002
14594110	2003
14594126	2004
14594143	2005
14594155	2006
14594164	2007
14594173	2008
14594178	2009
14594182	2010
14594190	2011
14594197	2012
14594201	2013
14594207	2014
14594209	2015
14594211	2016
14594215	2017
14594217	2018
14594219	2019
14594220	2020
14594222	2021
14594224	2022
14594227	2023
14594229	2024
14594230	2025
14594231	2026
14594232	2027
14594233	2028
14594234	2029
14594235	2030
14594237	2031
14594239	2032
14594240	2036
14594242	2037
14594243	2038
14594244	2039
14594245	2040
14594246	2042
14594247	2043
14594250	2044
14594251	2045
14594252	2050
14594253	2055
14594255	2063
14594256	2064
14594257	2072
14594258	2073
14594259	2075
14594261	2077
14594263	2079
14594264	2089
14594265	2096
14594266	2097
14594267	2101
14594269	2102
14594270	2104
14594271	2105
14594273	2114
14594274	2117
14594275	2140
14594276	2179
14594278	2188
14594279	2195
14594280	2204
14594281	2228
14594282	2236
14594283	2242
14594284	2246
14594285	2268
14594287	2276
14594288	2277
14594289	2298
14594290	2302
14594291	2318
14594292	2320
14594293	2368
14594294	2396
14594295	2468
14594297	2479
14594298	2527
14594299	2567
14594300	2614
14594301	2698
14594302	2786
14594303	2832
14594304	2839
14594305	2873
14594306	2892
14594307	2909
14594308	2915
14594309	2921
14594310	3005
14594311	3009
14594312	3071
14594313	3177
14594314	3345
14594315	3422
14594316	3445
14594317	5646
